5 6944.01
5.00334 6930.3
5.00669 6918
5.01003 6907.08
5.01338 6897.51
5.01672 6889.26
5.02007 6882.29
5.02341 6876.58
5.02676 6872.1
5.0301 6868.82
5.03344 6866.69
5.03679 6865.7
5.04013 6865.81
5.04348 6866.98
5.04682 6869.2
5.05017 6872.42
5.05351 6876.62
5.05686 6881.77
5.0602 6887.82
5.06355 6894.77
5.06689 6902.56
5.07023 6911.17
5.07358 6920.58
5.07692 6930.74
5.08027 6941.62
5.08361 6953.21
5.08696 6965.46
5.0903 6978.34
5.09365 6991.82
5.09699 7005.88
5.10033 7020.48
5.10368 7035.58
5.10702 7051.17
5.11037 7067.2
5.11371 7098.43
5.11706 7117.11
5.1204 7136.3
5.12375 7156
5.12709 7176.17
5.13043 7196.81
5.13378 7217.87
5.13712 7239.35
5.14047 7261.22
5.14381 7283.46
5.14716 7306.05
5.1505 7328.97
5.15385 7352.19
5.15719 7375.69
5.16054 7399.46
5.16388 7423.47
5.16722 7447.69
5.17057 7472.11
5.17391 7496.71
5.17726 7521.45
5.1806 7546.33
5.18395 7571.32
5.18729 7596.4
5.19064 7621.55
5.19398 7646.73
5.19732 7671.95
5.20067 7697.16
5.20401 7722.35
5.20736 7747.51
5.2107 7772.59
5.21405 7797.6
5.21739 7822.49
5.22074 7847.26
5.22408 7889.18
5.22742 7915.78
5.23077 7942.37
5.23411 7968.96
5.23746 7995.52
5.2408 8022.06
5.24415 8048.55
5.24749 8074.98
5.25084 8101.35
5.25418 8127.65
5.25753 8153.86
5.26087 8179.97
5.26421 8205.97
5.26756 8231.86
5.2709 8257.61
5.27425 8283.22
5.27759 8308.68
5.28094 8333.98
5.28428 8359.1
5.28763 8384.04
5.29097 8408.78
5.29431 8433.32
5.29766 8457.64
5.301 8481.73
5.30435 8505.58
5.30769 8529.18
5.31104 8552.52
5.31438 8575.59
5.31773 8598.37
5.32107 8620.86
5.32441 8643.05
5.32776 8664.92
5.3311 8686.46
5.33445 8724.61
5.33779 8747.56
5.34114 8770.35
5.34448 8792.96
5.34783 8815.4
5.35117 8837.66
5.35452 8859.75
5.35786 8881.66
5.3612 8903.4
5.36455 8924.96
5.36789 8946.35
5.37124 8967.55
5.37458 8988.58
5.37793 9009.42
5.38127 9030.09
5.38462 9050.58
5.38796 9070.88
5.3913 9091
5.39465 9110.94
5.39799 9130.7
5.40134 9150.27
5.40468 9169.65
5.40803 9188.85
5.41137 9207.86
5.41472 9226.68
5.41806 9245.32
5.4214 9263.77
5.42475 9282.03
5.42809 9300.09
5.43144 9317.97
5.43478 9335.65
5.43813 9353.15
5.44147 9370.45
5.44482 9400.7
5.44816 9419.22
5.45151 9437.68
5.45485 9456.1
5.45819 9474.47
5.46154 9492.81
5.46488 9511.13
5.46823 9529.41
5.47157 9547.69
5.47492 9565.95
5.47826 9584.21
5.48161 9602.48
5.48495 9620.75
5.48829 9639.05
5.49164 9657.36
5.49498 9675.71
5.49833 9694.09
5.50167 9712.52
5.50502 9730.99
5.50836 9749.52
5.51171 9768.12
5.51505 9786.78
5.51839 9805.52
5.52174 9824.34
5.52508 9843.25
5.52843 9862.26
5.53177 9881.36
5.53512 9900.58
5.53846 9919.91
5.54181 9939.36
5.54515 9958.94
5.54849 9978.66
5.55184 9998.52
5.55518 10018.5
5.55853 10044.7
5.56187 10065.6
5.56522 10086.8
5.56856 10108.2
5.57191 10129.9
5.57525 10151.7
5.5786 10173.8
5.58194 10196.2
5.58528 10218.8
5.58863 10241.7
5.59197 10264.9
5.59532 10288.4
5.59866 10312.1
5.60201 10336.2
5.60535 10360.5
5.6087 10385.2
5.61204 10410.2
5.61538 10435.5
5.61873 10461.2
5.62207 10487.2
5.62542 10513.6
5.62876 10540.3
5.63211 10567.4
5.63545 10594.9
5.6388 10622.8
5.64214 10651
5.64548 10679.7
5.64883 10708.8
5.65217 10738.3
5.65552 10768.2
5.65886 10798.6
5.66221 10829.3
5.66555 10860.6
5.6689 10884.4
5.67224 10915.5
5.67559 10946.9
5.67893 10978.7
5.68227 11010.8
5.68562 11043.3
5.68896 11076.2
5.69231 11109.4
5.69565 11143
5.699 11176.9
5.70234 11211.2
5.70569 11245.8
5.70903 11280.8
5.71237 11316.2
5.71572 11351.9
5.71906 11387.9
5.72241 11424.3
5.72575 11461.1
5.7291 11498.2
5.73244 11535.7
5.73579 11573.5
5.73913 11611.7
5.74247 11650.2
5.74582 11689.1
5.74916 11728.3
5.75251 11767.9
5.75585 11807.8
5.7592 11848.1
5.76254 11888.8
5.76589 11929.7
5.76923 11971.1
5.77258 12012.8
5.77592 12054.8
5.77926 12069.7
5.78261 12108.8
5.78595 12148
5.7893 12187.1
5.79264 12226.2
5.79599 12265.2
5.79933 12304.2
5.80268 12343
5.80602 12381.7
5.80936 12420.3
5.81271 12458.7
5.81605 12496.8
5.8194 12534.8
5.82274 12572.5
5.82609 12610
5.82943 12647.1
5.83278 12684
5.83612 12720.5
5.83946 12756.7
5.84281 12792.5
5.84615 12827.9
5.8495 12862.9
5.85284 12897.5
5.85619 12931.6
5.85953 12965.2
5.86288 12998.3
5.86622 13030.9
5.86957 13063
5.87291 13094.4
5.87625 13125.3
5.8796 13155.6
5.88294 13185.2
5.88629 13214.1
5.88963 13188.8
5.89298 13209.5
5.89632 13228.8
5.89967 13246.6
5.90301 13262.9
5.90635 13277.7
5.9097 13290.8
5.91304 13302.2
5.91639 13311.8
5.91973 13319.6
5.92308 13325.6
5.92642 13329.5
5.92977 13331.5
5.93311 13331.4
5.93645 13329.2
5.9398 13324.7
5.94314 13318.1
5.94649 13309
5.94983 13297.6
5.95318 13283.8
5.95652 13267.4
5.95987 13248.5
5.96321 13226.9
5.96656 13202.6
5.9699 13175.6
5.97324 13145.8
5.97659 13113
5.97993 13077.3
5.98328 13038.7
5.98662 12996.9
5.98997 12952
5.99331 12903.9
5.99666 12852.5
6 12797.9
